small-1.in: 112.313
small-10.in: 497.84800000000007
small-100.in: 9.0
small-101.in: 48.760000000000005
